9.7443742926946e-10 0.0135
0.09842802412312593 0.0117
0.19685604727181447 0.0101
0.295284070420503 0.0108
0.39371209356919146 0.0089
0.49214011671788 0.0084
0.5905681398665684 0.0089
0.6889961630152569 0.0048
0.7874241861639455 0.005
0.885852209312634 0.0042
0.9842802324613225 0.0045
1.082708255610011 0.0054
1.1811362787586994 0.0046
1.2795643019073881 0.0047
1.3779923250560766 0.0026
1.476420348204765 0.0024
1.5748483713534536 0.0024
1.6732763945021423 0.0017
1.7717044176508308 0.0005
1.8701324407995192 0.0008
1.9685604639482077 0.0009
2.0669884870968964 0.0044
2.165416510245585 0.003
2.2638445333942734 0.0029
2.3622725565429614 0.003
2.4607005796916503 0.0029
2.559128602840339 0.0017
2.6575566259890273 0.0022
2.755984649137716 0.0013
2.8544126722864047 0.0009
2.9528406954350928 0.0006
3.0512687185837817 0.0037
3.1496967417324697 0.0043
3.248124764881158 0.0025
3.3465527880298467 0.0038
3.444980811178535 0.0023
3.543408834327224 0.0012
3.641836857475912 0.0018
3.740264880624601 0.0005
3.838692903773289 0.0015
3.937120926921978 0.0006
4.035548950070666 0.0043
4.133976973219355 0.0035
4.232404996368043 0.0039
4.330833019516732 0.0032
4.42926104266542 0.0019
4.527689065814109 0.0023
4.626117088962798 0.0013
4.724545112111485 0.0017
4.822973135260175 0.0013
4.921401158408863 0.0009
5.019829181557552 0.0038
5.11825720470624 0.0034
5.216685227854928 0.0034
5.315113251003617 0.0035
5.413541274152306 0.0022
5.511969297300994 0.0017
5.610397320449682 0.0026
5.708825343598371 0.0019
5.80725336674706 0.0017
5.905681389895748 0.0021
6.004109413044437 0.0043
6.102537436193126 0.0032
6.2009654593418135 0.0026
6.299393482490502 0.0045
6.3978215056391905 0.0027
6.496249528787879 0.0018
6.594677551936568 0.0017
6.693105575085256 0.0022
6.791533598233944 0.0021
6.889961621382633 0.0012
6.988389644531322 0.0012
7.086817667680011 0.0027
7.185245690828698 0.0041
7.283673713977387 0.0031
7.382101737126076 0.003
7.480529760274765 0.0019
7.578957783423452 0.0017
7.677385806572141 0.0018
7.77581382972083 0.0017
7.874241852869519 0.0025
7.972669876018207 0.0017
8.071097899166896 0.0031
8.169525922315584 0.0022
8.267953945464273 0.0029
8.366381968612961 0.0034
8.46480999176165 0.0028
8.563238014910338 0.0013
8.661666038059026 0.0019
8.760094061207715 0.0029
8.858522084356403 0.002
8.956950107505092 0.0009
9.05537813065378 0.0037
9.153806153802469 0.0035
9.252234176951157 0.0025
9.350662200099846 0.0028
9.449090223248534 0.0025
9.547518246397223 0.003
9.645946269545911 0.0032
9.7443742926946 0.0017
