1e-10 0.006
0.005050505149494949 0.01
0.010101010198989898 0.007
0.015151515248484846 0.012
0.020202020297979798 0.011
0.025252525347474748 0.015
0.030303030396969695 0.011
0.03535353544646465 0.013
0.040404040495959595 0.013
0.04545454554545454 0.01
0.050505050594949495 0.01
0.05555555564444444 0.005
0.06060606069393939 0.017
0.06565656574343433 0.01
0.07070707079292929 0.019
0.07575757584242424 0.01
0.08080808089191918 0.009
0.08585858594141413 0.009
0.09090909099090907 0.013
0.09595959604040404 0.013
0.10101010108989898 0.007
0.10606060613939393 0.01
0.11111111118888888 0.006
0.11616161623838382 0.008
0.12121212128787877 0.006
0.12626262633737373 0.007
0.13131313138686868 0.013
0.13636363643636365 0.007
0.1414141414858586 0.01
0.14646464653535354 0.013
0.1515151515848485 0.012
0.15656565663434344 0.01
0.16161616168383838 0.011
0.16666666673333333 0.008
0.17171717178282828 0.008
0.17676767683232322 0.014
0.18181818188181817 0.014
0.18686868693131312 0.004
0.1919191919808081 0.014
0.19696969703030304 0.006
0.20202020207979798 0.017
0.20707070712929293 0.017
0.21212121217878788 0.011
0.21717171722828282 0.009
0.22222222227777777 0.005
0.22727272732727272 0.011
0.23232323237676766 0.011
0.2373737374262626 0.008
0.24242424247575756 0.008
0.24747474752525253 0.011
0.25252525257474745 0.005
0.2575757576242424 0.007
0.26262626267373734 0.012
0.2676767677232323 0.005
0.2727272727727273 0.015
0.27777777782222224 0.01
0.2828282828717172 0.01
0.28787878792121213 0.016
0.2929292929707071 0.009
0.297979798020202 0.011
0.30303030306969697 0.011
0.3080808081191919 0.009
0.31313131316868686 0.009
0.3181818182181818 0.007
0.32323232326767676 0.013
0.3282828283171717 0.009
0.33333333336666665 0.008
0.3383838384161616 0.01
0.34343434346565654 0.012
0.3484848485151515 0.01
0.35353535356464644 0.007
0.3585858586141414 0.009
0.36363636366363633 0.007
0.3686868687131313 0.014
0.3737373737626262 0.014
0.3787878788121212 0.005
0.3838383838616162 0.012
0.3888888889111111 0.011
0.39393939396060607 0.009
0.398989899010101 0.01
0.40404040405959596 0.009
0.4090909091090909 0.007
0.41414141415858585 0.014
0.4191919192080808 0.007
0.42424242425757575 0.019
0.4292929293070707 0.008
0.43434343435656564 0.012
0.4393939394060606 0.014
0.44444444445555553 0.006
0.4494949495050505 0.008
0.4545454545545454 0.009
0.45959595960404037 0.013
0.4646464646535353 0.007
0.46969696970303026 0.008
0.4747474747525252 0.006
0.47979797980202016 0.011
0.4848484848515151 0.004
0.4898989899010101 0.013
0.49494949495050505 0.005
0.5 0.013
