mloop_version='3.2.1'
archive_type='random_learner'
num_params=2
min_boundary=array([-1., -1.])
max_boundary=array([1., 1.])
start_datetime='2021-04-11_03-27'
param_names=['', '']
trust_region=nan
has_trust_region=False
all_params=array([[-0.59017091,  0.95937549],       [-0.81962819,  0.93749961],       [ 0.41612617, -0.64898747],       [-0.32034303, -0.95999887],       [-0.94645087, -0.60647351],       [-0.64362916,  0.91071768],       [ 0.71332035, -0.72079349],       [-0.28904148,  0.17274912],       [-0.62303393,  0.16054975],       [ 0.98953757, -0.53131068],       [ 0.45742788, -0.37006548],       [-0.89208154,  0.62540488],       [-0.6033845 ,  0.95156661],       [ 0.73252341, -0.43996316],       [-0.88697092, -0.64317027],       [ 0.69349828, -0.45317924],       [-0.0016983 ,  0.71705741],       [ 0.15286681, -0.58404718],       [ 0.91765392,  0.10262797],       [ 0.41927594, -0.61798083]])
all_costs=array([0.34995205, 0.67569668, 2.89232067, 3.94421525, 3.47652638,       0.42222983, 3.46995616, 0.767889  , 1.092848  , 3.324097  ,       2.08631969, 0.93613098, 0.36641865, 2.61008445, 3.48672595,       2.59266978, 0.08005939, 2.53257372, 1.64736527, 2.79365427])
all_uncers=array([0., 0., 0., 0., 0., 0., 0., 0., 0., 0., 0., 0., 0., 0., 0., 0., 0.,       0., 0., 0.])
bad_run_indexs=[]
