mloop_version='3.2.1'
archive_type='random_learner'
num_params=2
min_boundary=array([-1., -1.])
max_boundary=array([1., 1.])
start_datetime='2021-04-11_10-11'
param_names=['', '']
trust_region=nan
has_trust_region=False
all_params=array([[-0.59218811,  0.71303509],       [-0.89664747, -0.60364467],       [ 0.53761898,  0.14008219],       [ 0.56776599, -0.76456711],       [-0.27491687, -0.41609143],       [-0.72292302,  0.88759803],       [ 0.17941811,  0.7881292 ],       [-0.12382617,  0.40170554],       [ 0.40689046, -0.62963449],       [ 0.64922811, -0.11037088],       [-0.48085622,  0.97018136],       [ 0.71875751, -0.85898036],       [ 0.09416899,  0.11404946],       [-0.99073953, -0.29492299],       [ 0.14498623,  0.92069286],       [-0.15202778,  0.0882198 ],       [ 0.73212925,  0.0161472 ],       [ 0.41301449, -0.57298415],       [ 0.21851018, -0.83608617],       [ 0.20478812, -0.74701047]])
all_costs=array([0.43303562, 3.37565293, 1.02849281, 3.43605531, 2.08089423,       0.53525189, 0.07708009, 0.37328918, 2.8212684 , 1.65442061,       0.23211186, 3.97242036, 0.79377616, 2.65839035, 0.02731063,       0.85445557, 1.50397956, 2.64486012, 3.41895911, 3.09398374])
all_uncers=array([0., 0., 0., 0., 0., 0., 0., 0., 0., 0., 0., 0., 0., 0., 0., 0., 0.,       0., 0., 0.])
bad_run_indexs=[]
